2
['attr1', 'attr2', 'attr3', 'attr4', 'attr5', 'attr6', 'attr7', 'attr8', 'class']
8
26
26
28
32
32
32
32
32
32
32
([0.9968324948760946, 0.9966896466058011, 0.9964909011862616, 0.9962238370287559, 0.9959195081050864, 0.9955965467983356, 0.9946649276442457, 0.9940811129743494, 0.9929507484007203, 0.9907831811688714, 0.9852990497484629], [0.9684874455376065, 0.9687107852880693, 0.9688225795865602, 0.969046168183542, 0.9694371993817409, 0.9697723334306947, 0.9706664389721021, 0.9706664389721021, 0.9717282359612458, 0.9726782386518987, 0.9750239281480562])
